$ANSIBLE_VAULT;1.1;AES256
61663438393434636339613738393530396534366363636465346235396334383563323764326164
3439666237626138666633376235333937663630343738390a316336313637663832653963356335
33643933326138643131653230326664636264323264306162303763623738613161383331643135
3161626461333736300a373565373731323266633566386135613738393539343837393837353630
66303763363733626562393461326434313737363535303664343835653765613032376138666631
66376462393465306332316339623933643866346130623236333935643063353863316165343336
35333237353161323131373934376233346437613565633363386337623663303636306138323363
64663831373738383433646162303433656335373233393538363632333439623838373633323038
38356566663166363335613134353030636364353633666237353635363861613163393362656265
31366161376431633662663234633366383831653539613631623932653237663365643338333637
31636233343234633236633461393466396332646665383466616334383738316338623430303864
39623632306132346238303036666261653964653065636436353936373333663630336261353861
64303334346566633765653634616665343363336666386566356235643535353838366637656638
3634376534353837623337643730656664656165313135306664
