$ANSIBLE_VAULT;1.1;AES256
66333965346632373831356366623839383365353235656432333535336536306364323439623363
3938353463386631656539363037636365353966366430640a373164326439373939623666373430
32623339663832656433396439383834663534393332343963353630303638326635626334646439
3832346361623764640a636634656432326336313364613832323038393337376266386663323864
30356532323963643134663066376565666561393365643865343839306365633836636638343934
36373130356438663965346639393662666662363037363330653535306261373939376330653734
62663636363136663234626166613731663130343136383665643061313062653633343865313465
36303465363866316633643031353033373830353539613231363539313431356232396632353964
35643436326230373766383632333632353630303265646565613533393561373330396634643934
33316666363865343036663934393234653261323335663631656230393266336333356530373138
63666162386336633066663639633934623163633935303833363462646164656133616334383662
39333739323934303864666539653366323530666431393130346663346261383465643463306530
39313633333733636630623836626534343466353766663565373662356164643466326363363637
65383766363662623966643436393736316137626332623731363433663433643465356130363939
35616230346334363130653237343339633364373165393031366466383138396364383933653561
62303464343432326661623835363431333839306465306661376531616261346366343030303732
63643361636333333562643266386130363530313464646137613533336231373939663863383365
39653632653036366537386631356539393462663733346164356265363765393331313632636134
38323830636234666630316461643130363065393534343736343439313862623064313636326161
38333534393062383766326336663836656630623732613865646134336463643666393566643339
63333238383835386263393566663838333062336134613933613239646664653863393234386338
38653362303133636633376631303862306666396534356537623539393334633661363363333237
38613731303432356233336132636231613630326464316234383162346134343339306665343137
38353831386263643633386637633131613761316262303137366561356537363061326531663434
62336337653730333031376438303465393336333437323462643864303961663632
