$ANSIBLE_VAULT;1.1;AES256
31313037663563306563633136326332336532326139313861383063643231616532616130373937
6565356332653030653064393136346431306635646631320a373737353938393837383736396330
63376235323930333231613832393433633035393332393137613965643132393032356366326135
6239346133373233330a333863373363656465643336613632383466363665336262363732663736
63303338386237666262323165623263643732363130383035633161323733366364383431303639
31386631666662336136613038303763666166393537326565363831366663326130326463666138
36613038376432616464333463656632643662643862616331336238386164613832623165356161
31323461316334633963366334653235303734336163393330356434383637383937346532383532
65323531306639376465373130393733323261333063666232366433613837313937303066643866
33643138343333323938643832646230393361376134336135626366316566303434376139616639
61383061653838646235633162303731303131613830383537616132363961643839386335373930
38333962343966646630386338306633306632656535646563346530393335366563653936353439
36346461303933313830616264373361626265626461393661333337656633663536373833633034
65663236653238386639643466646266316162333532356664343939353938666665623739313739
31343763653665356461613038303030636538636431363236663634353132616639653434336631
37636161616261663063343665316263613565386530396265383437626339356361346537346630
36306364636639626430303861373135373835646366653362346533316138303132373363396637
31663932383030303131356434393664383862656330346664353666626232353661646230646530
32353230363239346233316138303463663632386663616339386237393938643030653837356533
63653234616364323734643930333530663965346537333461313665366663663637613333343662
35366431393438366162633462626535363636353236373436366131356433386562323863656231
38663530643538363161343961616235633138636161613232346365666136383966313235613932
61353963383530333232383035383535376434666431633430653235323539363834623635356663
63323336666662393634313733373938313065363566613061303035303434313965383435346538
32366438383164656166633863633034623932613661353833353763326132363734
